2 0.05234375 0.2705078125 0.0890625 0.064453125
2 0.1828125 0.4853515625 0.08125 0.041015625
2 0.16484375 0.576171875 0.0828125 0.046875
2 0.140625 0.7197265625 0.071875 0.048828125
2 0.22265625 0.80078125 0.0796875 0.046875
2 0.25546875 0.62109375 0.0765625 0.0390625
2 0.45078125 0.650390625 0.0859375 0.03515625
2 0.44765625 0.72265625 0.0921875 0.046875
2 0.5328125 0.91796875 0.078125 0.046875
2 0.540625 0.759765625 0.05625 0.04296875
2 0.54375 0.70703125 0.05625 0.04296875
2 0.553125 0.515625 0.05625 0.03125
2 0.5453125 0.5556640625 0.059375 0.033203125
2 0.5453125 0.6025390625 0.05625 0.041015625
2 0.5375 0.6533203125 0.065625 0.033203125
