2 0.24921875 0.6865234375 0.0234375 0.044921875
2 0.36640625 0.7451171875 0.0171875 0.056640625
2 0.6578125 0.27734375 0.015625 0.03515625
2 0.73984375 0.2255859375 0.0171875 0.044921875
2 0.76171875 0.2705078125 0.0140625 0.041015625
2 0.7171875 0.376953125 0.01875 0.05859375
2 0.76875 0.4326171875 0.01875 0.056640625
2 0.40546875 0.6435546875 0.0203125 0.052734375
2 0.89296875 0.37890625 0.0171875 0.04296875
2 0.8765625 0.396484375 0.0125 0.03515625
2 0.3046875 0.6962890625 0.028125 0.056640625
2 0.60390625 0.8349609375 0.0171875 0.044921875
2 0.41953125 0.673828125 0.0203125 0.0390625
2 0.5203125 0.7451171875 0.028125 0.044921875
2 0.784375 0.376953125 0.01875 0.04296875
