2 0.1234375 0.306640625 0.01875 0.04296875
2 0.47109375 0.4013671875 0.0171875 0.029296875
2 0.52578125 0.42578125 0.0109375 0.02734375
2 0.55703125 0.46484375 0.0203125 0.0390625
2 0.51171875 0.537109375 0.0234375 0.04296875
2 0.44453125 0.5302734375 0.0328125 0.044921875
2 0.6640625 0.4462890625 0.015625 0.025390625
2 0.634375 0.548828125 0.025 0.03515625
2 0.7375 0.08203125 0.028125 0.04296875
2 0.7203125 0.1455078125 0.015625 0.029296875
2 0.70859375 0.154296875 0.0171875 0.03125
2 0.79765625 0.123046875 0.0265625 0.046875
2 0.87734375 0.1845703125 0.0140625 0.025390625
2 0.89140625 0.189453125 0.0203125 0.03125
