2 0.56484375 0.3486328125 0.0296875 0.052734375
2 0.6078125 0.3583984375 0.046875 0.076171875
2 0.67109375 0.3759765625 0.0296875 0.041015625
2 0.61328125 0.0751953125 0.0328125 0.044921875
2 0.72421875 0.0595703125 0.0421875 0.056640625
2 0.221875 0.2861328125 0.025 0.060546875
2 0.76796875 0.1025390625 0.0484375 0.064453125
2 0.865625 0.1201171875 0.040625 0.060546875
2 0.93046875 0.123046875 0.0421875 0.0625
2 0.8671875 0.01171875 0.025 0.0234375
2 0.90234375 0.013671875 0.0203125 0.02734375
2 0.5734375 0.0654296875 0.046875 0.052734375
