2 0.20078125 0.447265625 0.0890625 0.17578125
2 0.54140625 0.345703125 0.0828125 0.15625
2 0.7390625 0.3720703125 0.075 0.146484375
2 0.8578125 0.3876953125 0.08125 0.146484375
2 0.96171875 0.3984375 0.0671875 0.14453125
2 0.56640625 0.4912109375 0.0609375 0.111328125
2 0.71953125 0.5107421875 0.0640625 0.130859375
2 0.8046875 0.5283203125 0.071875 0.150390625
2 0.87265625 0.5498046875 0.0578125 0.115234375
2 0.38046875 0.8369140625 0.0953125 0.201171875
2 0.77265625 0.90625 0.0703125 0.1796875
2 0.85625 0.9140625 0.06875 0.1640625
2 0.51640625 0.9716796875 0.0734375 0.048828125
