2 0.29375 0.3046875 0.015625 0.046875
2 0.33125 0.314453125 0.015625 0.046875
2 0.35 0.298828125 0.015625 0.046875
2 0.275 0.3828125 0.015625 0.046875
2 0.08828125 0.01953125 0.0265625 0.0390625
2 0.53515625 0.3974609375 0.0171875 0.037109375
2 0.44921875 0.27734375 0.0265625 0.0390625
2 0.45234375 0.466796875 0.0140625 0.03125
2 0.6671875 0.1435546875 0.01875 0.041015625
2 0.63671875 0.1142578125 0.0109375 0.029296875
2 0.6796875 0.146484375 0.015625 0.03125
2 0.65703125 0.1328125 0.0140625 0.015625
2 0.40625 0.265625 0.0125 0.02734375
