2 0.39453125 0.484375 0.0328125 0.05859375
2 0.07109375 0.63671875 0.0890625 0.1171875
2 0.3671875 0.1884765625 0.06875 0.099609375
2 0.47421875 0.9169921875 0.1140625 0.115234375
2 0.515625 0.8212890625 0.103125 0.099609375
2 0.553125 0.779296875 0.109375 0.10546875
2 0.5921875 0.69921875 0.10625 0.1015625
2 0.6140625 0.65625 0.10625 0.1015625
2 0.63984375 0.62109375 0.1015625 0.09375
2 0.6578125 0.5859375 0.103125 0.0859375
2 0.6828125 0.5556640625 0.109375 0.099609375
2 0.709375 0.5205078125 0.109375 0.099609375
2 0.77109375 0.4619140625 0.1109375 0.107421875
2 0.8 0.42578125 0.109375 0.09765625
2 0.81953125 0.3935546875 0.1046875 0.095703125
2 0.9671875 0.4560546875 0.0625 0.068359375
2 0.97421875 0.0400390625 0.0515625 0.056640625
