2 0.18515625 0.4013671875 0.0515625 0.115234375
2 0.075 0.4599609375 0.109375 0.068359375
2 0.0296875 0.7802734375 0.053125 0.126953125
2 0.075 0.98046875 0.04375 0.0390625
2 0.33515625 0.9423828125 0.0984375 0.048828125
2 0.3453125 0.876953125 0.115625 0.0625
2 0.35078125 0.8076171875 0.1140625 0.056640625
2 0.353125 0.6796875 0.115625 0.05859375
2 0.36015625 0.603515625 0.1140625 0.0546875
2 0.371875 0.5458984375 0.103125 0.048828125
2 0.3671875 0.4794921875 0.096875 0.048828125
2 0.87734375 0.419921875 0.0109375 0.0234375
2 0.90625 0.421875 0.0125 0.02734375
2 0.89140625 0.431640625 0.0140625 0.03515625
2 0.97734375 0.345703125 0.0203125 0.0390625
