2 0.596875 0.39453125 0.171875 0.10546875
2 0.3046875 0.3427734375 0.178125 0.154296875
2 0.28359375 0.435546875 0.1703125 0.14453125
2 0.253125 0.533203125 0.18125 0.15625
2 0.17890625 0.7236328125 0.1734375 0.142578125
2 0.15546875 0.82421875 0.1703125 0.12109375
2 0.1296875 0.921875 0.16875 0.1171875
2 0.09140625 0.9794921875 0.1109375 0.033203125
2 0.79140625 0.166015625 0.1484375 0.21875
2 0.86953125 0.2119140625 0.1453125 0.212890625
2 0.93671875 0.2705078125 0.1234375 0.197265625
2 0.97578125 0.3564453125 0.0484375 0.146484375
