2 0.32421875 0.1953125 0.0265625 0.05078125
2 0.303125 0.1962890625 0.01875 0.025390625
2 0.27421875 0.169921875 0.0296875 0.04296875
2 0.246875 0.232421875 0.01875 0.046875
2 0.31328125 0.4912109375 0.0234375 0.033203125
2 0.2890625 0.5244140625 0.01875 0.029296875
2 0.3296875 0.6162109375 0.015625 0.029296875
2 0.25078125 0.64453125 0.0203125 0.03125
2 0.25390625 0.673828125 0.0171875 0.02734375
2 0.3765625 0.6572265625 0.028125 0.044921875
2 0.328125 0.70703125 0.03125 0.04296875
2 0.3421875 0.7412109375 0.021875 0.033203125
