2 0.52421875 0.0556640625 0.0109375 0.021484375
2 0.54375 0.052734375 0.009375 0.01953125
2 0.56640625 0.060546875 0.0078125 0.0234375
2 0.5390625 0.0712890625 0.009375 0.021484375
2 0.58671875 0.052734375 0.0109375 0.0234375
2 0.609375 0.052734375 0.009375 0.01953125
2 0.60078125 0.0751953125 0.0078125 0.025390625
2 0.6265625 0.068359375 0.009375 0.0234375
2 0.58515625 0.4013671875 0.0140625 0.029296875
2 0.6046875 0.3916015625 0.009375 0.025390625
2 0.61640625 0.3994140625 0.0109375 0.025390625
2 0.63359375 0.3818359375 0.0109375 0.025390625
2 0.64375 0.4111328125 0.0125 0.025390625
2 0.25234375 0.4794921875 0.0109375 0.021484375
2 0.27578125 0.451171875 0.0109375 0.0234375
2 0.30234375 0.46484375 0.0109375 0.0234375
2 0.44765625 0.501953125 0.0140625 0.02734375
2 0.3453125 0.7021484375 0.0125 0.029296875
2 0.3609375 0.71875 0.0125 0.02734375
2 0.36875 0.7001953125 0.0125 0.021484375
2 0.37734375 0.71875 0.0109375 0.0234375
2 0.40234375 0.6943359375 0.0140625 0.029296875
2 0.021875 0.0517578125 0.028125 0.041015625
2 0.040625 0.0556640625 0.025 0.033203125
2 0.05625 0.05859375 0.021875 0.02734375
2 0.07265625 0.0615234375 0.0203125 0.029296875
2 0.0875 0.068359375 0.021875 0.03515625
2 0.10703125 0.0712890625 0.0203125 0.033203125
2 0.1234375 0.0732421875 0.01875 0.021484375
2 0.16015625 0.0849609375 0.0265625 0.037109375
2 0.14140625 0.078125 0.0234375 0.03125
