2 0.27421875 0.1044921875 0.0140625 0.029296875
2 0.2609375 0.080078125 0.0125 0.02734375
2 0.47734375 0.1083984375 0.0140625 0.029296875
2 0.5109375 0.0771484375 0.015625 0.029296875
2 0.55234375 0.083984375 0.0140625 0.03125
2 0.5640625 0.0947265625 0.0125 0.029296875
2 0.50625 0.1083984375 0.0125 0.025390625
2 0.51328125 0.123046875 0.0140625 0.02734375
2 0.15859375 0.61328125 0.0140625 0.03125
2 0.1953125 0.6513671875 0.021875 0.033203125
2 0.15546875 0.677734375 0.0171875 0.0390625
2 0.18203125 0.6689453125 0.0203125 0.029296875
2 0.98984375 0.26171875 0.0171875 0.03125
2 0.96953125 0.3037109375 0.0203125 0.033203125
2 0.1046875 0.87109375 0.01875 0.03515625
2 0.10625 0.916015625 0.021875 0.0390625
2 0.13046875 0.8994140625 0.0140625 0.033203125
2 0.12578125 0.9443359375 0.0234375 0.048828125
2 0.15546875 0.892578125 0.0140625 0.0390625
2 0.2046875 0.8984375 0.01875 0.03515625
