2 0.13203125 0.1220703125 0.0171875 0.033203125
2 0.31640625 0.4365234375 0.0171875 0.037109375
2 0.30859375 0.498046875 0.0140625 0.0390625
2 0.2703125 0.474609375 0.0125 0.0390625
2 0.93984375 0.587890625 0.0171875 0.04296875
2 0.99609375 0.98046875 0.0078125 0.03125
2 0.94609375 0.361328125 0.0109375 0.03515625
2 0.90546875 0.2451171875 0.0140625 0.037109375
2 0.8859375 0.26171875 0.0125 0.0390625
2 0.7234375 0.2431640625 0.015625 0.037109375
2 0.62890625 0.263671875 0.0109375 0.03515625
2 0.6109375 0.275390625 0.0125 0.03515625
