2 0.92421875 0.978515625 0.0234375 0.0390625
2 0.3859375 0.326171875 0.025 0.0390625
2 0.321875 0.33984375 0.01875 0.0390625
2 0.29609375 0.314453125 0.0171875 0.03125
2 0.290625 0.333984375 0.01875 0.03515625
2 0.24296875 0.611328125 0.0171875 0.04296875
2 0.2109375 0.6298828125 0.0125 0.021484375
2 0.22109375 0.615234375 0.0140625 0.01953125
2 0.22265625 0.634765625 0.0140625 0.0234375
2 0.234375 0.6416015625 0.0125 0.025390625
2 0.2421875 0.6494140625 0.0125 0.025390625
2 0.215625 0.6630859375 0.015625 0.033203125
2 0.22890625 0.6875 0.0203125 0.03515625
2 0.2765625 0.6904296875 0.015625 0.037109375
2 0.30859375 0.703125 0.0171875 0.03515625
2 0.27265625 0.74609375 0.0140625 0.03515625
2 0.2015625 0.7470703125 0.021875 0.037109375
