2 0.5046875 0.28515625 0.021875 0.04296875
2 0.49609375 0.3115234375 0.0234375 0.044921875
2 0.94453125 0.03125 0.0109375 0.02734375
2 0.934375 0.0166015625 0.0125 0.025390625
2 0.38203125 0.3857421875 0.0140625 0.029296875
2 0.396875 0.3056640625 0.015625 0.021484375
2 0.3703125 0.41015625 0.015625 0.02734375
2 0.34296875 0.365234375 0.0203125 0.04296875
2 0.3046875 0.3779296875 0.015625 0.033203125
2 0.284375 0.404296875 0.015625 0.02734375
2 0.034375 0.2705078125 0.0375 0.037109375
2 0.071875 0.2685546875 0.034375 0.044921875
2 0.08671875 0.2587890625 0.0203125 0.025390625
2 0.13046875 0.2470703125 0.0265625 0.029296875
2 0.1453125 0.2333984375 0.028125 0.033203125
2 0.17109375 0.224609375 0.0234375 0.02734375
2 0.18515625 0.2158203125 0.0328125 0.037109375
2 0.20390625 0.205078125 0.0296875 0.03125
2 0.23515625 0.19921875 0.0265625 0.03125
2 0.24140625 0.18359375 0.0265625 0.01953125
2 0.271875 0.181640625 0.025 0.02734375
2 0.2796875 0.169921875 0.03125 0.02734375
2 0.31953125 0.1494140625 0.0328125 0.033203125
2 0.3296875 0.1337890625 0.025 0.021484375
